
S-Box:  0, 15, 7, 4, 14, 2, 13, 1, 10, 6, 12, 11, 9, 5, 3, 8,

Linear Approximation Table:
 16  8  8  8  8  8  8  8  8  8  8  8  8  8  8  8
  8 10  6  8  8 12 10 10 10 10  8  8 10  8  6  4
  8  8  6  6 10  6 10 10  8  8 12 12  8  8  6 10
  8  8  8  6 10  8 10 10 10 10  4  6  8 10  8 12
  8  6  8  8  8 10  6  6  8  8  8 10 14 10  8 10
  8 10  8 10  6  6  8  8 10 10 12  4 10  8  8 10
  8  6 10  6 10 12  8  8  8  8 12  6  6 10 10  8
  8  8  6  8  8  6  8  8 10 10  8 10  8 10 14  6
  8  8 10  8  8 10  8  8 10 10  8 10  8  2 10 10
  8 10 10 10 10  8  8  4  8 12  8 10  6 10  6  8
  8  6 12 10 10  6 12  8 10  6  8  8 10  8  8  6
  8  6  8 12  4 10 10 10  8  8  8 10  6 10  8 10
  8 12  6 10 10 10 10  6  8  4  8  8  8  8 10 10
  8 12 12  6  6  8  6 10 10  6  8 10  8 10  8  8
  8 10 10  8  8  8 10 10  2 10  8  8 10  8 10  8
  8  8  8 12 12  8  4 12  8  8  8  8  8  8  8  8

Conclusion:
  0s = 0
  1s = 0
  2s = 2
  3s = 0
  4s = 7
  5s = 0
  6s = 34
  7s = 0
  8s = 119
  9s = 0
 10s = 74
 11s = 0
 12s = 17
 13s = 0
 14s = 2
 15s = 0
 16s = 1
